6
3 1
100 200 230
5 2
10 13 15 16 17
5 6
9 10 20 26 30
8 3
1 2 3 4 5 6 7 10
5 20
10 13 15 16 17
500 50
6690220 7088686 9349114 9564168 11353885 11489181 14631752 17047411 17910504 20202201 21161350 22868756 27206980 29237390 30845809 34910268 35156578 36384561 37385119 39979460 41357012 41554939 41833683 42031892 44933188 48037562 48831575 53655184 54993408 58714205 59117035 59807234 63987184 66002287 66469786 68411553 69541710 71215260 76132847 76387612 76793805 77472613 78566639 79121378 79134001 79621403 82240164 82783276 83439840 83537181 86084472 86458346 89070234 89397758 93506134 95265036 99842351 100753696 107674611 108157918 110436089 110675406 110841723 126246932 126630767 127464121 133149530 133456411 135801399 138252040 140314213 145653419 145866114 146609878 149622056 153466191 153601747 155246383 155348960 156162029 156978828 158970153 162036663 163022666 169999288 170123415 171184029 173405125 176193645 179517526 180641598 180723228 183404557 184721886 187323831 187702853 189446560 189762640 192768265 198292338 198581101 203218607 204323562 208974092 214794162 220229836 225500217 225858277 231670368 233519346 235299348 236302147 236894058 238913784 239199465 252214869 252944477 254433937 260349286 261416229 265831543 269153394 270536584 273840328 274608539 277034243 277109352 277653850 277995860 282078575 282540574 288006217 290689783 294473384 294522725 294746396 296919876 297799336 300416409 301005589 304697935 306600499 307443091 307822475 311393647 313945191 315172001 315350621 319436944 324331949 324429999 324688202 325272312 326041351 335568340 338027449 340725418 341828264 343667685 343752278 345093017 345277133 345664230 346920473 347049175 347066822 347618578 348452834 349500308 355267937 355815093 359036202 359631355 362225123 363221716 365352354 366076655 366507636 366638392 368300799 371403231 374868656 375745753 377398332 377857617 378130205 379554763 380253937 381852922 383064672 385370420 386212208 391680589 392719469 394030725 395029032 395523601 396770898 397680702 399722347 401191016 402993979 405130849 405486105 405974682 406965902 408803848 409440890 410264647 411580456 413329738 416947749 419175861 423287847 426461530 428555828 430822796 431593124 431644477 434985528 435106345 435859210 440020295 440790683 440964273 442055195 442556276 444251266 446029525 448878305 449355361 449515586 451974124 453119954 456738918 456957073 457389397 459377611 461408609 461745497 463272824 465434322 469831168 470098234 475733361 476211077 478563982 480345984 485049949 485108511 485395966 486428570 488605149 489686840 490688924 491068658 491893715 495039499 495089237 497518100 498158280 501474962 501543555 502851012 506127924 509075972 509860760 509918781 510609984 520839072 522699109 523616087 525633205 525861295 526973832 531491416 532693892 533261838 535751655 538271895 541616680 542167143 544291280 544916663 546921853 554620309 555394640 559327004 560738852 562487603 562928591 563424434 563699013 566306878 567580965 569464912 574927187 576325497 582965995 585770029 586257186 588417298 589200298 590881005 603022890 604057532 605933768 606498685 607514818 610100643 613407270 616972894 617594153 624388600 631394614 633645926 634762903 635088118 638374858 640197741 647500672 649847745 650399976 652123446 652792850 653649177 654413766 655481095 656538222 658730424 659962062 660342557 660590591 666837187 666952753 673873187 677579927 678787631 684411212 691292579 691862988 692380971 694369766 697296108 698079718 698304963 698383216 698792269 698854339 701614173 704397340 704898489 705665329 706423269 706924183 710350850 711157760 711723461 714639473 716025758 718145923 721703398 723296777 725170700 726488431 726741473 726751528 728052170 734473490 734659704 734736531 734885642 735608656 735999900 737126363 738257446 738865961 740304084 741117484 742518161 742722973 743134702 746744305 751011589 751081527 751825828 762870847 763498612 764331718 765631924 770711943 772144927 773244423 774535828 774790672 774868174 778986049 780875717 782900397 787194313 787902806 793358493 794884420 797676748 797885392 800528728 801077549 803087350 804319352 804413392 810540776 810596185 812033392 812588012 812861013 814020462 818425959 818837884 819774356 819856957 820658062 822323383 825805421 828146293 835651020 835936342 836670343 838329187 842897326 845717200 848390922 850275130 851328026 853581854 854951525 858412595 858589334 862182291 864882876 873557889 875783210 876757098 878079745 878707508 880756670 883585674 885458188 888855398 891307029 893409554 897102244 899310217 907128598 907242583 907371592 908479719 909014094 911011154 911583001 915596698 918101903 921168955 922551109 922727071 923133666 924490460 931122941 934498348 934795996 936235700 939432856 942988821 943716511 944822609 949182239 949244373 950403275 952250634 954951478 955179376 955187864 961611738 972253503 972551617 974274526 974656591 976569432 978070162 978682454 984282805 985595471 990507634 990717032 993921839 995450139 996706734 997503282 997507376 998557986 998893554