4
5 6
1 3 9 8 2
Q 2 4
Q 5 5
U 2 10
Q 1 2
Q 1 5
Q 4 5
3 3
4 5 5
U 1 2
U 1 7
Q 1 2
15 5
1 4 5 6 50 82 35 9 10 68 16 53 68 94 25
Q 1 4
Q 9 11
Q 9 10 
Q 10 12
Q 10 11
200 10
98 91 79 16 92 21 43 82 18 27 60 94 25 32 94 63 49 39 10 100 77 75 23 31 5 77 85 60 28 56 1 26 98 80 41 89 52 35 70 69 13 30 14 90 13 7 52 62 97 14 13 73 88 87 55 44 63 92 55 91 47 56 68 44 35 8 84 38 94 53 6 6 34 71 95 47 29 47 60 77 12 72 49 51 10 56 94 72 47 49 62 45 4 29 40 90 88 23 27 33 27 84 39 61 6 85 59 86 83 18 62 94 41 62 44 50 17 90 21 15 38 35 11 93 15 50 34 3 24 60 35 51 95 25 63 100 10 21 37 44 38 98 38 78 59 33 79 28 22 99 42 11 85 5 55 100 54 88 54 30 99 88 32 93 65 94 44 26 14 80 69 3 29 58 32 88 43 10 15 16 60 8 27 45 12 33 44 18 21 97 99 19 36 30 64 52 23 59 77 88 
Q 1 200
Q 80 80
Q 16 45
Q 16 17
Q 16 18
U 69 100
Q 60 80
Q 61 80
Q 61 61
Q 62 62